1 1627.7666666666667
2 1620.4666666666667
3 1610.4666666666667
4 1602.9
5 1591.1666666666667
6 1580.2
7 1571.2
8 1560.7333333333333
9 1553.1
10 1547.9333333333334
11 1541.8
12 1532.7
13 1520.9666666666667
14 1514.3666666666666
15 1509.3333333333333
16 1502.6333333333334
17 1498.7
18 1490.5
19 1486.0
20 1471.6666666666667
21 1466.4333333333334
22 1458.8666666666666
23 1452.1666666666667
24 1444.8
25 1439.7
26 1430.5666666666666
27 1426.1666666666667
28 1419.8666666666666
29 1414.3
30 1411.3666666666666
31 1407.9
32 1404.6333333333334
33 1396.4666666666667
34 1392.5333333333333
35 1386.6
36 1379.5333333333333
37 1376.6333333333334
38 1367.4333333333334
39 1361.0666666666666
40 1360.3666666666666
41 1351.7666666666667
42 1347.5666666666666
43 1342.9666666666667
44 1336.5
45 1330.8666666666666
46 1321.5
47 1313.6666666666667
48 1310.7333333333333
49 1308.3
50 1303.5666666666666
51 1299.9333333333334
52 1296.9
53 1292.2333333333333
54 1290.0666666666666
55 1284.9333333333334
56 1282.4333333333334
57 1278.2
58 1274.7333333333333
59 1265.9666666666667
60 1257.2333333333333
61 1253.6666666666667
62 1249.1
63 1246.2
64 1244.8
65 1240.3333333333333
66 1239.6
67 1235.5333333333333
68 1232.9666666666667
69 1228.6666666666667
70 1222.5666666666666
71 1218.1666666666667
72 1217.3333333333333
73 1213.7333333333333
74 1210.5
75 1208.0
76 1207.0
77 1202.8
78 1200.3333333333333
79 1198.7
80 1195.2333333333333
81 1191.7
82 1190.8
83 1188.8666666666666
84 1186.9666666666667
85 1182.0
86 1180.8666666666666
87 1179.9666666666667
88 1175.0666666666666
89 1174.3666666666666
90 1172.5
91 1170.4333333333334
92 1169.4
93 1164.9666666666667
94 1161.9666666666667
95 1159.8666666666666
96 1158.4
97 1156.8666666666666
98 1154.5
99 1153.3333333333333
100 1151.0333333333333
101 1149.6
102 1147.9666666666667
103 1147.1333333333334
104 1145.8333333333333
105 1143.8
106 1142.2333333333333
107 1141.0666666666666
108 1140.0666666666666
109 1137.0
110 1135.1
111 1133.8333333333333
112 1132.4666666666667
113 1129.8333333333333
114 1129.2666666666667
115 1126.6333333333334
116 1126.2
117 1124.3666666666666
118 1124.1666666666667
119 1123.0666666666666
120 1122.0333333333333
121 1121.4333333333334
122 1119.3333333333333
123 1117.2666666666667
124 1113.8
125 1113.5333333333333
126 1110.3
127 1106.9
128 1103.4333333333334
129 1099.0
130 1096.3333333333333
131 1094.2666666666667
132 1092.4333333333334
133 1090.6333333333334
134 1090.2333333333333
135 1089.6333333333334
136 1089.4666666666667
137 1088.4666666666667
138 1088.4
139 1087.8666666666666
140 1086.2666666666667
141 1084.4
142 1083.8666666666666
143 1082.5666666666666
144 1082.4333333333334
145 1080.6
146 1078.7
147 1077.6666666666667
148 1076.1666666666667
149 1075.9666666666667
150 1074.2333333333333
151 1073.2333333333333
152 1071.6
153 1070.2333333333333
154 1069.6
155 1069.6
156 1067.3666666666666
157 1066.3666666666666
158 1065.8
159 1064.6
160 1063.4666666666667
161 1063.0666666666666
162 1062.9
163 1062.1333333333334
164 1059.4333333333334
165 1058.3
166 1057.0333333333333
167 1056.5333333333333
168 1055.1666666666667
169 1053.8333333333333
170 1051.8333333333333
171 1049.8
172 1048.1
173 1046.8
174 1044.8333333333333
175 1042.0333333333333
176 1038.5333333333333
177 1036.5333333333333
178 1035.0
179 1034.4333333333334
180 1034.4333333333334
181 1033.6333333333334
182 1032.1666666666667
183 1032.1666666666667
184 1030.8333333333333
185 1030.7
186 1030.4666666666667
187 1030.3333333333333
188 1028.3333333333333
189 1027.3666666666666
190 1025.8666666666666
191 1024.8666666666666
192 1021.7666666666667
193 1021.2666666666667
194 1020.8333333333334
195 1020.5666666666667
196 1019.2
197 1018.7
198 1017.8666666666667
199 1016.4
200 1016.3
201 1015.1
202 1014.3333333333334
203 1014.0333333333333
204 1011.3
205 1011.0666666666667
206 1010.3
207 1009.8666666666667
208 1008.2666666666667
209 1007.2666666666667
210 1005.1
211 1004.7333333333333
212 1002.2666666666667
213 1001.3333333333334
214 1001.0
215 1001.0
216 1000.0333333333333
217 998.9
218 998.1666666666666
219 997.5
220 996.1333333333333
221 994.9
222 994.4333333333333
223 993.8333333333334
224 993.5666666666667
225 993.2666666666667
226 993.2666666666667
227 991.7666666666667
228 991.7333333333333
229 991.0
230 990.8
231 990.5333333333333
232 989.9
233 989.8666666666667
234 989.7
235 988.5666666666667
236 988.2
237 986.4666666666667
238 984.8
239 984.3666666666667
240 983.5666666666667
241 981.2
242 980.5333333333333
243 980.2666666666667
244 980.1666666666666
245 979.8333333333334
246 979.8333333333334
247 979.7
248 978.6333333333333
249 977.8666666666667
250 976.7
251 976.4333333333333
252 974.9666666666667
253 974.5
254 974.0666666666667
255 973.7666666666667
256 973.3333333333334
257 973.2
258 973.1
259 972.7
260 971.9333333333333
261 971.3666666666667
262 971.0666666666667
263 969.3333333333334
264 968.8
265 968.7
266 967.3
267 965.3666666666667
268 965.1
269 962.5333333333333
270 960.9333333333333
271 960.9333333333333
272 959.6
273 959.1666666666666
274 958.9
275 958.1666666666666
276 958.1333333333333
277 957.6
278 957.2333333333333
279 955.8333333333334
280 954.5666666666667
281 953.0666666666667
282 953.0
283 952.8
284 952.2333333333333
285 951.5333333333333
286 949.3333333333334
287 948.7333333333333
288 948.1333333333333
289 948.1333333333333
290 947.8333333333334
291 947.5333333333333
292 947.1333333333333
293 947.1333333333333
294 946.1333333333333
295 945.9666666666667
296 944.7666666666667
297 944.6333333333333
298 944.6333333333333
299 944.3333333333334
300 943.2
301 942.7
302 942.4666666666667
303 941.5
304 940.2666666666667
305 937.5666666666667
306 936.9333333333333
307 936.7
308 936.7
309 936.0333333333333
310 935.8333333333334
311 935.3666666666667
312 933.7666666666667
313 933.0
314 932.7
315 931.5333333333333
316 931.2
317 930.5666666666667
318 930.5666666666667
319 930.5666666666667
320 930.5666666666667
321 929.9
322 928.9333333333333
323 928.3666666666667
324 928.2
325 927.9666666666667
326 927.8666666666667
327 927.8
328 926.5333333333333
329 926.1
330 925.1333333333333
331 924.7
332 924.1333333333333
333 924.0
334 923.8333333333334
335 923.8333333333334
336 922.7333333333333
337 922.5
338 921.6666666666666
339 921.5666666666667
340 918.7
341 918.2666666666667
342 917.6
343 915.8666666666667
344 915.6333333333333
345 914.2
346 913.2
347 912.5
348 911.5
349 911.5
350 910.1333333333333
351 909.7
352 909.7
353 909.7
354 909.5666666666667
355 908.3333333333334
356 907.7
357 907.2333333333333
358 907.2333333333333
359 907.0
360 906.0666666666667
361 906.0333333333333
362 905.4
363 905.4
364 904.7666666666667
365 904.5
366 902.8333333333334
367 902.8333333333334
368 901.9
369 901.5666666666667
370 901.5666666666667
371 901.5333333333333
372 901.1
373 901.0666666666667
374 901.0666666666667
375 900.1333333333333
376 898.3333333333334
377 898.0666666666667
378 898.0
379 897.3
380 896.8666666666667
381 896.4
382 895.3666666666667
383 894.8333333333334
384 894.8333333333334
385 893.2333333333333
386 892.3333333333334
387 892.3333333333334
388 891.9666666666667
389 890.7333333333333
390 890.7333333333333
391 890.7333333333333
392 890.2
393 890.1
394 890.0666666666667
395 889.9666666666667
396 889.9666666666667
397 889.5
398 889.5
399 889.5
400 889.4
401 889.4
402 887.8333333333334
403 887.8333333333334
404 886.9
405 886.6666666666666
406 886.6333333333333
407 886.5666666666667
408 886.5
409 886.5
410 886.0666666666667
411 885.6333333333333
412 885.6
413 884.7666666666667
414 884.0
415 882.9
416 882.6666666666666
417 882.6333333333333
418 882.0666666666667
419 881.3666666666667
420 881.3666666666667
421 880.9333333333333
422 879.8666666666667
423 879.1
424 879.0
425 878.1666666666666
426 877.8333333333334
427 877.3666666666667
428 877.2
429 877.2
430 875.8666666666667
431 875.8666666666667
432 875.0333333333333
433 874.5333333333333
434 873.6
435 873.4333333333333
436 872.4666666666667
437 872.3666666666667
438 872.3
439 871.7333333333333
440 870.6
441 870.6
442 870.2666666666667
443 869.4333333333333
444 869.4
445 868.5666666666667
446 868.5666666666667
447 868.4
448 868.1
449 868.1
450 867.2
451 865.6333333333333
452 864.9333333333333
453 864.6
454 864.6
455 864.5666666666667
456 864.5666666666667
457 864.3
458 863.8666666666667
459 863.8666666666667
460 863.7333333333333
461 863.7333333333333
462 863.3666666666667
463 863.3666666666667
464 863.3666666666667
465 863.2666666666667
466 863.1
467 862.7333333333333
468 862.4
469 862.0
470 861.1666666666666
471 860.7666666666667
472 860.2666666666667
473 860.2666666666667
474 860.2
475 860.0333333333333
476 859.9
477 859.9
478 859.4333333333333
479 859.1
480 859.1
481 858.9333333333333
482 858.9333333333333
483 858.9333333333333
484 857.5333333333333
485 857.5333333333333
486 857.2
487 856.6333333333333
488 856.5333333333333
489 856.3333333333334
490 856.3333333333334
491 856.3333333333334
492 855.6666666666666
493 855.0666666666667
494 853.7
495 853.7
496 853.4333333333333
497 853.4
498 853.3
499 853.1333333333333
500 853.1333333333333
501 853.1333333333333
502 852.7666666666667
503 852.4666666666667
504 851.8666666666667
505 851.8666666666667
506 850.9333333333333
507 849.9
508 849.9
509 849.6
510 849.5666666666667
511 848.8333333333334
512 848.8
513 848.8
514 848.3333333333334
515 848.2
516 848.1
517 847.6
518 847.3666666666667
519 847.3666666666667
520 847.2666666666667
521 846.6666666666666
522 846.6666666666666
523 846.6666666666666
524 846.3333333333334
525 845.8666666666667
526 845.8666666666667
527 845.8666666666667
528 845.7
529 845.6333333333333
530 845.5666666666667
531 845.5666666666667
532 845.5
533 844.5
534 844.4666666666667
535 843.8333333333334
536 843.8333333333334
537 843.8333333333334
538 843.8333333333334
539 843.7666666666667
540 843.0333333333333
541 842.9333333333333
542 842.9
543 842.7
544 841.8666666666667
545 840.9666666666667
546 840.5333333333333
547 840.5333333333333
548 839.4666666666667
549 838.8333333333334
550 838.2333333333333
551 838.2333333333333
552 838.0
553 837.4666666666667
554 837.3
555 836.8
556 836.4666666666667
557 836.4666666666667
558 835.7666666666667
559 835.7333333333333
560 835.7333333333333
561 835.6666666666666
562 835.2333333333333
563 835.2333333333333
564 833.2
565 832.4333333333333
566 832.3
567 831.2
568 831.2
569 830.8
570 829.5666666666667
571 829.5666666666667
572 828.3
573 827.6333333333333
574 827.6333333333333
575 827.3333333333334
576 827.2
577 827.1333333333333
578 826.7
579 826.6666666666666
580 826.6666666666666
581 826.0333333333333
582 826.0333333333333
583 825.4666666666667
584 825.4666666666667
585 825.2666666666667
586 825.2666666666667
587 824.8
588 824.7666666666667
589 824.4333333333333
590 824.0
591 823.9333333333333
592 823.8333333333334
593 823.7333333333333
594 823.3666666666667
595 823.3666666666667
596 823.1333333333333
597 822.6333333333333
598 822.5
599 822.1
600 821.6666666666666
601 821.6666666666666
602 821.6666666666666
603 821.0666666666667
604 820.7
605 820.3333333333334
606 820.2666666666667
607 820.2666666666667
608 820.2666666666667
609 819.3
610 818.6333333333333
611 818.6333333333333
612 817.9333333333333
613 817.9333333333333
614 817.9333333333333
615 817.9333333333333
616 817.9333333333333
617 817.0333333333333
618 816.7
619 816.7
620 816.7
621 816.7
622 816.7
623 816.3
624 816.2333333333333
625 816.0333333333333
626 815.3666666666667
627 815.3333333333334
628 815.1666666666666
629 815.1333333333333
630 814.7333333333333
631 814.6666666666666
632 814.6666666666666
633 814.6333333333333
634 813.8333333333334
635 813.8
636 813.8
637 813.7
638 813.3333333333334
639 812.7333333333333
640 812.4666666666667
641 812.4666666666667
642 812.4666666666667
643 812.4
644 812.4
645 812.4
646 811.5666666666667
647 811.4666666666667
648 811.2
649 810.6333333333333
650 810.4333333333333
651 810.4333333333333
652 809.9666666666667
653 809.1
654 808.9
655 808.9
656 808.9
657 808.9
658 808.6666666666666
659 807.8666666666667
660 807.5666666666667
661 807.5666666666667
662 807.5666666666667
663 806.5
664 806.1
665 805.5666666666667
666 805.0666666666667
667 805.0666666666667
668 804.4333333333333
669 804.3
670 804.3
671 803.7
672 803.7
673 803.1333333333333
674 803.1333333333333
675 802.7
676 802.4666666666667
677 802.2666666666667
678 802.2666666666667
679 802.2666666666667
680 800.8333333333334
681 800.8333333333334
682 800.6666666666666
683 800.6666666666666
684 799.6
685 799.6
686 799.1666666666666
687 798.9
688 798.4666666666667
689 798.4666666666667
690 798.4666666666667
691 798.2666666666667
692 798.2333333333333
693 797.9333333333333
694 797.9333333333333
695 797.9333333333333
696 797.5333333333333
697 797.5333333333333
698 797.5333333333333
699 796.8333333333334
700 796.5666666666667
701 796.5666666666667
702 796.0666666666667
703 795.6
704 795.5333333333333
705 794.7333333333333
706 794.4
707 794.4
708 794.4
709 794.3666666666667
710 793.1333333333333
711 792.7333333333333
712 792.4
713 791.2
714 791.2
715 790.0
716 789.6333333333333
717 789.6333333333333
718 789.6
719 789.2666666666667
720 789.1666666666666
721 788.7
722 788.5
723 788.4666666666667
724 788.4666666666667
725 788.1333333333333
726 787.7
727 787.7
728 787.4666666666667
729 787.4333333333333
730 787.3666666666667
731 787.3666666666667
732 787.3666666666667
733 787.3666666666667
734 787.3666666666667
735 787.3666666666667
736 787.3666666666667
737 786.6
738 786.2666666666667
739 786.2666666666667
740 786.1
741 786.1
742 786.1
743 786.1
744 786.0
745 786.0
746 786.0
747 785.8333333333334
748 785.6333333333333
749 784.6
750 784.6
751 784.6
752 784.6
753 784.1
754 784.0666666666667
755 783.9
756 783.9
757 783.4333333333333
758 783.3333333333334
759 783.1666666666666
760 782.8
761 782.8
762 782.4333333333333
763 782.4333333333333
764 782.4333333333333
765 782.4333333333333
766 782.3333333333334
767 782.3333333333334
768 782.3333333333334
769 782.2333333333333
770 781.9
771 781.8666666666667
772 781.2666666666667
773 780.8666666666667
774 780.7333333333333
775 780.5666666666667
776 780.5666666666667
777 778.6333333333333
778 778.6333333333333
779 778.5333333333333
780 778.5333333333333
781 778.2333333333333
782 778.2333333333333
783 778.2333333333333
784 777.4666666666667
785 777.1333333333333
786 776.8666666666667
787 776.7
788 776.7
789 776.7
790 776.7
791 776.4666666666667
792 776.2
793 775.7666666666667
794 775.0666666666667
795 775.0666666666667
796 774.1333333333333
797 773.7
798 773.7
799 772.7333333333333
800 772.6666666666666
801 772.6666666666666
802 772.4666666666667
803 771.9
804 771.5333333333333
805 770.7
806 770.5333333333333
807 770.5333333333333
808 770.5333333333333
809 770.1
810 769.5333333333333
811 769.4333333333333
812 769.1333333333333
813 768.8
814 768.7
815 768.3666666666667
816 768.3666666666667
817 768.3666666666667
818 768.3666666666667
819 768.3666666666667
820 768.3666666666667
821 768.3666666666667
822 768.2
823 768.0666666666667
824 768.0666666666667
825 767.4333333333333
826 766.7666666666667
827 766.5
828 766.5
829 766.3666666666667
830 765.8666666666667
831 765.7666666666667
832 765.5666666666667
833 765.5666666666667
834 765.5666666666667
835 765.5666666666667
836 765.5666666666667
837 765.5666666666667
838 765.5
839 765.5
840 765.5
841 765.2
842 765.2
843 765.2
844 765.2
845 765.2
846 765.1666666666666
847 765.0
848 765.0
849 764.8
850 764.8
851 764.5
852 764.5
853 763.7333333333333
854 763.6333333333333
855 763.6333333333333
856 763.5666666666667
857 763.5666666666667
858 763.5666666666667
859 763.5
860 763.1666666666666
861 762.9666666666667
862 762.9666666666667
863 762.9666666666667
864 762.9666666666667
865 762.9666666666667
866 762.9666666666667
867 762.3666666666667
868 762.3666666666667
869 762.3666666666667
870 762.3666666666667
871 762.3333333333334
872 762.3333333333334
873 761.4666666666667
874 761.3333333333334
875 761.3333333333334
876 761.3333333333334
877 761.3333333333334
878 761.2666666666667
879 761.2
880 761.2
881 761.1333333333333
882 761.1333333333333
883 760.3
884 759.9333333333333
885 759.9333333333333
886 759.6333333333333
887 759.4666666666667
888 759.2666666666667
889 759.2
890 758.9333333333333
891 758.8666666666667
892 758.8
893 758.7
894 758.7
895 758.6
896 758.6
897 758.6
898 758.4
899 758.1333333333333
900 758.0666666666667
901 758.0333333333333
902 758.0333333333333
903 757.9666666666667
904 757.9666666666667
905 757.9
906 757.9
907 757.7
908 757.7
909 757.5
910 757.5
911 757.3666666666667
912 757.3666666666667
913 757.3333333333334
914 756.9333333333333
915 756.4333333333333
916 756.4333333333333
917 756.4333333333333
918 756.4333333333333
919 756.4333333333333
920 756.4333333333333
921 756.4333333333333
922 756.3333333333334
923 756.3333333333334
924 756.3333333333334
925 756.3333333333334
926 756.2
927 756.2
928 756.2
929 756.2
930 756.2
931 755.8333333333334
932 755.8333333333334
933 755.4333333333333
934 755.4333333333333
935 755.4333333333333
936 755.4333333333333
937 755.4333333333333
938 755.4333333333333
939 755.3333333333334
940 755.3333333333334
941 755.3333333333334
942 755.2333333333333
943 755.2
944 755.2
945 755.0333333333333
946 755.0333333333333
947 755.0333333333333
948 754.7
949 754.4333333333333
950 754.4333333333333
951 753.7666666666667
952 753.7666666666667
953 753.7666666666667
954 753.7666666666667
955 752.4
956 752.4
957 752.3333333333334
958 752.1
959 751.8666666666667
960 751.8666666666667
961 751.5
962 751.5
963 751.5
964 751.3
965 751.3
966 751.3
967 751.2333333333333
968 751.2333333333333
969 750.7
970 750.2333333333333
971 750.0666666666667
972 750.0666666666667
973 750.0666666666667
974 749.6
975 749.4333333333333
976 749.4
977 749.1666666666666
978 748.9
979 748.7666666666667
980 748.6
981 748.6
982 748.5
983 748.5
984 748.5
985 748.3666666666667
986 748.3666666666667
987 748.3666666666667
988 748.2666666666667
989 748.2333333333333
990 748.1
991 748.1
992 748.1
993 748.1
994 748.1
995 748.1
996 748.1
997 747.9666666666667
998 747.9666666666667
999 747.9666666666667
1000 747.9666666666667
