1 1663.2333333333333
2 1646.9333333333334
3 1634.3
4 1626.2333333333333
5 1617.5333333333333
6 1600.8333333333333
7 1588.5666666666666
8 1573.7666666666667
9 1566.9333333333334
10 1559.8333333333333
11 1554.5666666666666
12 1545.9333333333334
13 1533.5666666666666
14 1525.0333333333333
15 1518.0
16 1510.9
17 1507.3666666666666
18 1502.8333333333333
19 1497.5333333333333
20 1487.7333333333333
21 1476.4
22 1472.1666666666667
23 1465.0333333333333
24 1457.8
25 1451.4
26 1448.8666666666666
27 1444.4
28 1438.8666666666666
29 1430.3
30 1426.8666666666666
31 1420.2
32 1413.4666666666667
33 1399.5666666666666
34 1390.8
35 1388.2
36 1384.1333333333334
37 1382.1333333333334
38 1378.9333333333334
39 1375.7666666666667
40 1370.6333333333334
41 1366.7
42 1363.8
43 1359.7333333333333
44 1353.2
45 1345.7333333333333
46 1343.6666666666667
47 1335.4666666666667
48 1332.2666666666667
49 1327.4333333333334
50 1320.2
51 1315.0333333333333
52 1305.3
53 1299.6
54 1295.3333333333333
55 1290.1
56 1287.9
57 1286.0
58 1280.1333333333334
59 1276.1333333333334
60 1272.1
61 1266.8666666666666
62 1261.6666666666667
63 1254.4
64 1251.1
65 1247.7666666666667
66 1245.5333333333333
67 1243.6
68 1238.0333333333333
69 1234.0666666666666
70 1229.8
71 1228.2
72 1225.1333333333334
73 1222.6666666666667
74 1220.4
75 1219.4666666666667
76 1216.2
77 1214.5666666666666
78 1212.7666666666667
79 1212.0333333333333
80 1206.8333333333333
81 1204.3
82 1202.4333333333334
83 1199.9333333333334
84 1197.7
85 1193.8
86 1192.4666666666667
87 1189.0666666666666
88 1188.2
89 1186.7666666666667
90 1183.5333333333333
91 1183.4333333333334
92 1183.2
93 1182.0333333333333
94 1181.5333333333333
95 1179.4333333333334
96 1176.3333333333333
97 1166.8333333333333
98 1166.2666666666667
99 1164.1666666666667
100 1161.3333333333333
101 1159.3
102 1157.6
103 1155.7
104 1154.5666666666666
105 1150.9333333333334
106 1147.2666666666667
107 1147.2333333333333
108 1144.6333333333334
109 1142.4
110 1141.4
111 1138.8
112 1136.5666666666666
113 1133.6666666666667
114 1130.2666666666667
115 1128.0333333333333
116 1127.4
117 1126.3
118 1123.5666666666666
119 1121.2333333333333
120 1120.6333333333334
121 1119.6666666666667
122 1119.5333333333333
123 1119.0666666666666
124 1119.0666666666666
125 1116.6
126 1115.6333333333334
127 1113.4666666666667
128 1113.1
129 1111.4333333333334
130 1110.5
131 1107.9666666666667
132 1104.9666666666667
133 1104.4666666666667
134 1104.2333333333333
135 1102.5333333333333
136 1100.6
137 1100.1666666666667
138 1097.8
139 1096.6666666666667
140 1095.9
141 1095.1
142 1094.4666666666667
143 1092.6
144 1092.1333333333334
145 1090.1
146 1087.2333333333333
147 1087.0
148 1080.1666666666667
149 1078.4666666666667
150 1077.6
151 1076.8
152 1075.3333333333333
153 1073.2333333333333
154 1071.2
155 1070.8666666666666
156 1070.0
157 1067.1333333333334
158 1066.9
159 1066.2666666666667
160 1065.8
161 1064.3
162 1064.3
163 1063.0666666666666
164 1061.8666666666666
165 1058.7333333333333
166 1057.7333333333333
167 1056.2666666666667
168 1055.1666666666667
169 1052.5666666666666
170 1052.5666666666666
171 1051.3666666666666
172 1050.1666666666667
173 1048.8
174 1048.4
175 1046.8666666666666
176 1044.2333333333333
177 1042.3666666666666
178 1041.3333333333333
179 1040.2
180 1039.6
181 1038.5
182 1038.1
183 1035.9333333333334
184 1035.9333333333334
185 1034.7333333333333
186 1033.4
187 1032.8
188 1031.3666666666666
189 1030.4
190 1028.5666666666666
191 1028.1
192 1027.3333333333333
193 1026.0333333333333
194 1023.0
195 1022.6333333333333
196 1021.7
197 1019.5333333333333
198 1015.7
199 1013.6666666666666
200 1012.8666666666667
201 1012.5333333333333
202 1011.2333333333333
203 1010.4
204 1009.8
205 1009.4
206 1008.2666666666667
207 1007.7333333333333
208 1007.1333333333333
209 1006.7
210 1006.0666666666667
211 1004.6666666666666
212 1003.5
213 1003.0
214 1001.3666666666667
215 999.5
216 998.9333333333333
217 998.1333333333333
218 998.1
219 997.2333333333333
220 996.2666666666667
221 995.7666666666667
222 995.0666666666667
223 994.1333333333333
224 993.4666666666667
225 992.9
226 992.2
227 991.7333333333333
228 990.8
229 990.5
230 990.1666666666666
231 988.0
232 986.8333333333334
233 986.2333333333333
234 985.1
235 983.7
236 983.0
237 982.0333333333333
238 979.6666666666666
239 979.1333333333333
240 977.6666666666666
241 976.0666666666667
242 974.5666666666667
243 974.1
244 973.3
245 973.1
246 972.6333333333333
247 972.1666666666666
248 971.4
249 970.5333333333333
250 970.3
251 969.3
252 967.1666666666666
253 965.9333333333333
254 964.1666666666666
255 963.8333333333334
256 963.8333333333334
257 962.8333333333334
258 962.8333333333334
259 961.8333333333334
260 961.0666666666667
261 960.8666666666667
262 960.3666666666667
263 959.6666666666666
264 959.6666666666666
265 959.5333333333333
266 959.5333333333333
267 957.2666666666667
268 956.8666666666667
269 956.8333333333334
270 956.5333333333333
271 955.9666666666667
272 955.0333333333333
273 955.0333333333333
274 952.2333333333333
275 951.9
276 951.9
277 951.0
278 950.2
279 948.7333333333333
280 948.4666666666667
281 947.0666666666667
282 944.5333333333333
283 943.5
284 940.8666666666667
285 940.5666666666667
286 940.5666666666667
287 939.6333333333333
288 939.0333333333333
289 938.9666666666667
290 938.3666666666667
291 938.3666666666667
292 938.0
293 937.6
294 937.1
295 934.7
296 932.9
297 932.6333333333333
298 932.0333333333333
299 931.1
300 930.5333333333333
301 930.1
302 929.6
303 928.6
304 928.4666666666667
305 927.5333333333333
306 927.1
307 926.3333333333334
308 926.3333333333334
309 924.6333333333333
310 923.9
311 923.0666666666667
312 922.8
313 922.0666666666667
314 922.0666666666667
315 920.7666666666667
316 920.6333333333333
317 920.6333333333333
318 920.3
319 919.5
320 918.7666666666667
321 918.6666666666666
322 918.4
323 918.0
324 917.8666666666667
325 916.7666666666667
326 915.7666666666667
327 914.8666666666667
328 914.2666666666667
329 913.5666666666667
330 913.1
331 912.4666666666667
332 912.4666666666667
333 912.1666666666666
334 911.6666666666666
335 911.5333333333333
336 910.8333333333334
337 910.8
338 910.7333333333333
339 910.3333333333334
340 909.3333333333334
341 908.9
342 908.9
343 908.8666666666667
344 907.2333333333333
345 906.3666666666667
346 906.2
347 905.7666666666667
348 905.7666666666667
349 904.1333333333333
350 903.4
351 902.9
352 901.1333333333333
353 900.8
354 900.7666666666667
355 900.7666666666667
356 900.7666666666667
357 900.7666666666667
358 900.7666666666667
359 900.6333333333333
360 900.3666666666667
361 899.7333333333333
362 897.4333333333333
363 897.1
364 896.3
365 895.7666666666667
366 895.4
367 895.4
368 894.9666666666667
369 894.8666666666667
370 894.8666666666667
371 894.4
372 893.6333333333333
373 893.3333333333334
374 893.2
375 891.9
376 891.9
377 890.5333333333333
378 890.3666666666667
379 890.0666666666667
380 889.8666666666667
381 887.8333333333334
382 887.2
383 886.9
384 886.4
385 886.4
386 886.4
387 886.4
388 885.4
389 884.9666666666667
390 884.2666666666667
391 883.7
392 883.0666666666667
393 882.4333333333333
394 882.1666666666666
395 880.8
396 880.6
397 880.5666666666667
398 880.0
399 879.7666666666667
400 879.7666666666667
401 879.6
402 879.2333333333333
403 879.0
404 879.0
405 878.6666666666666
406 877.1333333333333
407 877.0333333333333
408 876.8666666666667
409 876.4666666666667
410 876.4666666666667
411 876.4666666666667
412 875.5
413 875.5
414 875.5
415 875.3333333333334
416 875.2666666666667
417 874.0666666666667
418 874.0666666666667
419 873.1333333333333
420 872.4333333333333
421 872.2666666666667
422 872.2666666666667
423 872.0666666666667
424 872.0666666666667
425 872.0666666666667
426 871.5333333333333
427 871.1666666666666
428 870.7333333333333
429 870.5666666666667
430 870.2
431 869.5333333333333
432 869.0666666666667
433 867.9333333333333
434 867.5333333333333
435 867.2666666666667
436 867.0
437 866.9666666666667
438 866.9666666666667
439 865.3
440 864.6666666666666
441 864.4
442 864.2666666666667
443 864.2
444 864.1
445 864.1
446 863.7666666666667
447 863.7666666666667
448 863.1333333333333
449 862.9
450 862.9
451 862.4666666666667
452 862.3333333333334
453 862.3333333333334
454 861.5666666666667
455 861.5
456 861.5
457 861.3333333333334
458 859.6
459 859.6
460 859.2333333333333
461 859.1333333333333
462 858.6
463 858.6
464 858.5
465 858.2666666666667
466 857.8666666666667
467 857.2
468 857.2
469 856.0
470 855.9333333333333
471 855.1
472 854.7333333333333
473 854.2666666666667
474 854.2
475 853.9333333333333
476 853.4666666666667
477 853.1
478 853.0666666666667
479 851.7666666666667
480 851.4666666666667
481 851.4666666666667
482 851.1333333333333
483 851.1333333333333
484 851.1333333333333
485 851.1333333333333
486 850.8666666666667
487 850.6
488 850.1666666666666
489 849.7333333333333
490 849.6
491 849.4666666666667
492 848.9666666666667
493 848.7666666666667
494 848.7666666666667
495 848.7666666666667
496 848.4666666666667
497 847.7666666666667
498 847.4666666666667
499 844.9666666666667
500 844.9666666666667
501 843.7666666666667
502 843.3333333333334
503 843.3333333333334
504 843.3333333333334
505 843.3333333333334
506 843.0666666666667
507 842.5333333333333
508 842.2333333333333
509 841.7666666666667
510 841.6666666666666
511 841.5
512 841.0333333333333
513 841.0333333333333
514 839.6333333333333
515 839.5
516 839.5
517 839.4
518 838.8
519 837.8333333333334
520 837.7333333333333
521 837.4666666666667
522 837.4
523 837.3666666666667
524 836.5
525 836.3666666666667
526 836.0666666666667
527 836.0666666666667
528 836.0666666666667
529 836.0666666666667
530 835.5666666666667
531 835.5666666666667
532 834.5666666666667
533 833.8
534 833.6333333333333
535 832.9333333333333
536 832.6666666666666
537 832.3
538 832.3
539 832.2666666666667
540 832.2666666666667
541 831.9333333333333
542 831.9333333333333
543 831.9333333333333
544 831.0666666666667
545 831.0666666666667
546 831.0333333333333
547 830.9333333333333
548 830.8
549 830.8
550 830.8
551 830.1666666666666
552 830.0
553 830.0
554 829.8666666666667
555 829.4333333333333
556 829.4333333333333
557 829.4333333333333
558 829.2666666666667
559 829.2666666666667
560 829.2666666666667
561 829.2666666666667
562 828.3
563 828.3
564 827.4333333333333
565 826.8333333333334
566 826.7333333333333
567 826.7333333333333
568 826.0
569 826.0
570 825.6333333333333
571 825.4
572 825.2666666666667
573 824.6666666666666
574 824.5666666666667
575 823.7666666666667
576 823.4333333333333
577 823.3333333333334
578 823.1
579 823.1
580 823.1
581 822.7333333333333
582 822.4333333333333
583 821.7333333333333
584 821.7333333333333
585 821.2333333333333
586 820.8666666666667
587 820.7666666666667
588 820.1666666666666
589 819.4
590 818.9666666666667
591 818.5666666666667
592 818.4666666666667
593 818.0
594 817.8
595 817.6333333333333
596 817.5
597 817.3333333333334
598 817.3333333333334
599 817.3333333333334
600 817.3333333333334
601 816.7666666666667
602 816.2666666666667
603 816.1333333333333
604 815.0
605 814.4333333333333
606 814.0333333333333
607 814.0333333333333
608 814.0333333333333
609 813.8666666666667
610 813.7666666666667
611 813.4
612 813.4
613 813.2333333333333
614 812.6666666666666
615 812.6666666666666
616 812.6666666666666
617 812.4666666666667
618 812.1
619 811.4333333333333
620 811.4333333333333
621 811.0
622 810.2
623 809.4
624 809.2333333333333
625 808.8
626 808.2666666666667
627 808.2666666666667
628 807.6333333333333
629 806.8333333333334
630 806.8333333333334
631 806.2
632 805.5666666666667
633 805.2666666666667
634 804.9666666666667
635 804.8666666666667
636 804.8
637 804.6666666666666
638 804.6666666666666
639 804.6666666666666
640 804.3333333333334
641 803.1333333333333
642 802.6
643 802.0
644 802.0
645 801.9333333333333
646 801.9
647 801.9
648 801.6333333333333
649 801.4
650 800.2666666666667
651 800.2333333333333
652 800.2333333333333
653 800.2333333333333
654 800.0333333333333
655 799.6
656 799.6
657 799.1333333333333
658 798.3666666666667
659 798.3333333333334
660 798.2333333333333
661 798.0666666666667
662 798.0333333333333
663 797.5666666666667
664 796.1
665 796.0
666 796.0
667 796.0
668 795.6333333333333
669 795.5333333333333
670 795.1666666666666
671 794.9666666666667
672 794.9666666666667
673 794.9666666666667
674 794.9666666666667
675 794.9666666666667
676 794.9666666666667
677 794.3666666666667
678 794.3333333333334
679 794.3333333333334
680 794.3333333333334
681 793.9666666666667
682 793.6666666666666
683 793.2666666666667
684 792.9
685 792.9
686 792.9
687 792.7
688 792.7
689 792.2
690 792.2
691 792.2
692 791.3666666666667
693 790.9333333333333
694 790.4
695 790.0666666666667
696 790.0333333333333
697 790.0333333333333
698 789.6
699 789.3666666666667
700 789.1
701 789.1
702 789.1
703 789.0
704 789.0
705 788.5
706 788.5
707 788.5
708 788.3666666666667
709 788.3666666666667
710 788.3666666666667
711 788.3333333333334
712 788.0666666666667
713 788.0
714 787.6
715 787.4666666666667
716 787.4333333333333
717 786.8
718 786.8
719 785.9666666666667
720 785.7
721 785.7
722 785.7
723 785.7
724 784.5666666666667
725 784.5666666666667
726 783.9333333333333
727 783.6666666666666
728 782.8666666666667
729 782.8
730 782.8
731 782.8
732 782.8
733 782.8
734 782.0666666666667
735 782.0666666666667
736 782.0666666666667
737 781.5666666666667
738 781.1333333333333
739 780.9
740 780.9
741 780.7666666666667
742 779.8666666666667
743 779.8666666666667
744 779.8666666666667
745 779.2
746 779.2
747 778.5
748 778.5
749 778.3
750 778.3
751 777.7666666666667
752 777.3666666666667
753 777.3
754 777.3
755 776.7
756 776.2333333333333
757 776.2333333333333
758 776.2333333333333
759 775.9
760 775.6
761 775.1666666666666
762 775.1666666666666
763 774.9
764 774.9
765 774.7666666666667
766 774.7
767 774.7
768 774.7
769 774.3
770 774.2333333333333
771 774.1666666666666
772 773.8666666666667
773 773.8666666666667
774 773.8666666666667
775 773.8666666666667
776 773.2333333333333
777 773.2333333333333
778 773.2333333333333
779 773.2333333333333
780 773.0333333333333
781 773.0
782 772.9333333333333
783 772.6666666666666
784 771.4333333333333
785 771.4333333333333
786 771.4333333333333
787 771.4333333333333
788 771.4333333333333
789 771.2
790 771.2
791 771.2
792 770.8333333333334
793 770.5333333333333
794 770.5333333333333
795 770.5333333333333
796 770.4666666666667
797 770.3333333333334
798 770.3333333333334
799 770.3333333333334
800 769.8333333333334
801 769.3
802 769.3
803 769.2666666666667
804 769.1666666666666
805 769.1666666666666
806 768.7333333333333
807 768.7
808 768.6333333333333
809 768.6333333333333
810 768.6333333333333
811 768.4666666666667
812 768.1
813 768.0666666666667
814 768.0
815 767.5333333333333
816 767.1
817 767.1
818 767.1
819 766.9
820 766.9
821 766.8666666666667
822 766.5666666666667
823 766.5
824 766.5
825 766.3
826 766.2666666666667
827 766.2666666666667
828 766.0333333333333
829 765.1666666666666
830 764.9666666666667
831 764.8
832 764.7333333333333
833 764.7333333333333
834 764.7333333333333
835 764.2333333333333
836 764.0333333333333
837 763.9666666666667
838 763.9666666666667
839 763.9333333333333
840 763.9
841 763.8333333333334
842 763.5666666666667
843 763.4333333333333
844 763.3333333333334
845 763.3333333333334
846 763.3
847 763.1333333333333
848 762.9666666666667
849 762.9666666666667
850 762.1333333333333
851 762.1333333333333
852 761.7
853 761.4
854 761.1666666666666
855 760.3333333333334
856 760.3
857 760.3
858 760.0666666666667
859 759.8666666666667
860 759.7666666666667
861 759.6666666666666
862 759.5666666666667
863 759.5
864 759.5
865 759.3
866 759.3
867 758.7
868 758.4666666666667
869 758.4666666666667
870 758.4666666666667
871 758.4666666666667
872 758.4666666666667
873 758.4
874 758.0666666666667
875 758.0666666666667
876 758.0666666666667
877 758.0666666666667
878 758.0666666666667
879 757.6333333333333
880 757.6333333333333
881 757.6333333333333
882 757.6333333333333
883 757.5666666666667
884 757.5666666666667
885 757.4
886 757.0
887 757.0
888 756.9666666666667
889 756.6333333333333
890 756.4333333333333
891 756.4333333333333
892 756.4333333333333
893 756.1
894 756.1
895 755.9
896 755.9
897 755.8333333333334
898 755.8333333333334
899 755.6
900 754.8333333333334
901 754.7333333333333
902 754.7333333333333
903 754.7333333333333
904 754.7333333333333
905 754.6
906 754.6
907 754.6
908 754.5666666666667
909 754.5666666666667
910 754.5666666666667
911 754.5666666666667
912 754.4
913 754.4
914 754.1666666666666
915 754.1666666666666
916 753.3666666666667
917 752.6333333333333
918 752.5666666666667
919 752.2333333333333
920 752.2333333333333
921 751.9666666666667
922 751.9666666666667
923 751.9666666666667
924 751.8666666666667
925 751.8666666666667
926 751.8666666666667
927 751.7333333333333
928 751.7333333333333
929 751.5333333333333
930 751.4666666666667
931 751.4666666666667
932 751.4333333333333
933 751.4333333333333
934 751.1333333333333
935 751.1333333333333
936 751.0666666666667
937 751.0666666666667
938 750.6333333333333
939 750.6333333333333
940 750.5333333333333
941 750.5333333333333
942 750.5333333333333
943 750.5333333333333
944 750.5333333333333
945 749.6666666666666
946 749.6666666666666
947 748.6333333333333
948 748.6333333333333
949 748.6333333333333
950 748.4
951 748.4
952 748.4
953 748.4
954 748.3666666666667
955 748.3666666666667
956 748.0
957 748.0
958 747.9
959 747.7333333333333
960 747.7333333333333
961 747.4333333333333
962 747.0666666666667
963 747.0666666666667
964 746.8333333333334
965 746.8333333333334
966 746.8333333333334
967 746.8333333333334
968 746.8333333333334
969 746.8333333333334
970 746.4666666666667
971 746.4666666666667
972 746.4666666666667
973 746.4666666666667
974 746.0
975 746.0
976 746.0
977 745.3666666666667
978 745.1666666666666
979 745.1666666666666
980 745.1
981 745.1
982 745.0
983 745.0
984 745.0
985 745.0
986 745.0
987 745.0
988 745.0
989 745.0
990 744.6333333333333
991 744.4
992 744.4
993 744.4
994 744.2
995 744.0333333333333
996 743.7
997 743.6666666666666
998 743.6666666666666
999 743.3
1000 741.7666666666667
