1 1643.0
2 1630.2
3 1621.0666666666666
4 1605.7666666666667
5 1597.0666666666666
6 1588.8666666666666
7 1575.6
8 1566.3333333333333
9 1562.7666666666667
10 1549.6
11 1538.4
12 1534.3333333333333
13 1522.5
14 1517.3666666666666
15 1512.5666666666666
16 1504.2333333333333
17 1498.6
18 1488.5
19 1479.2666666666667
20 1474.7666666666667
21 1468.9
22 1465.9
23 1456.7333333333333
24 1449.3333333333333
25 1441.6666666666667
26 1436.4333333333334
27 1427.7333333333333
28 1423.6666666666667
29 1416.1666666666667
30 1410.2666666666667
31 1405.8
32 1403.7333333333333
33 1396.7666666666667
34 1393.2666666666667
35 1393.1
36 1381.9333333333334
37 1370.6
38 1368.3666666666666
39 1365.4
40 1364.7666666666667
41 1363.8333333333333
42 1359.3333333333333
43 1358.0666666666666
44 1352.9
45 1346.6666666666667
46 1340.8666666666666
47 1337.3
48 1333.8
49 1332.8666666666666
50 1329.7
51 1326.2333333333333
52 1324.5666666666666
53 1324.9666666666667
54 1319.1333333333334
55 1310.6
56 1306.5333333333333
57 1304.9333333333334
58 1306.0666666666666
59 1304.7666666666667
60 1304.2
61 1302.6
62 1302.7333333333333
63 1300.9
64 1295.6666666666667
65 1290.1333333333334
66 1285.6
67 1284.5666666666666
68 1282.6666666666667
69 1276.2
70 1273.8
71 1271.2333333333333
72 1267.8666666666666
73 1264.0333333333333
74 1262.1
75 1260.4
76 1255.8
77 1252.6
78 1251.2333333333333
79 1249.4666666666667
80 1247.5
81 1244.5
82 1243.7
83 1242.8666666666666
84 1241.2666666666667
85 1237.1333333333334
86 1234.5666666666666
87 1233.6
88 1231.5666666666666
89 1230.8666666666666
90 1230.8
91 1229.6666666666667
92 1227.9666666666667
93 1226.0333333333333
94 1225.0666666666666
95 1220.1666666666667
96 1219.0
97 1218.2
98 1216.6
99 1213.4
100 1210.4666666666667
101 1206.3333333333333
102 1199.8333333333333
103 1196.8333333333333
104 1191.5333333333333
105 1191.1333333333334
106 1188.3666666666666
107 1187.1666666666667
108 1187.6
109 1187.4333333333334
110 1185.2666666666667
111 1183.5333333333333
112 1178.9333333333334
113 1179.4
114 1177.7333333333333
115 1177.2
116 1175.9333333333334
117 1174.3
118 1171.7333333333333
119 1168.3333333333333
120 1165.6666666666667
121 1163.3
122 1161.0
123 1159.7333333333333
124 1159.5333333333333
125 1157.7333333333333
126 1151.4666666666667
127 1150.5333333333333
128 1149.6
129 1145.6666666666667
130 1143.7333333333333
131 1142.7333333333333
132 1139.1333333333334
133 1140.0333333333333
134 1139.2666666666667
135 1139.0666666666666
136 1136.8333333333333
137 1131.7
138 1130.9
139 1131.1
140 1128.8666666666666
141 1128.4
142 1126.9
143 1127.0333333333333
144 1127.3
145 1124.8
146 1123.2
147 1121.0333333333333
148 1121.1333333333334
149 1117.6333333333334
150 1115.1666666666667
151 1113.6333333333334
152 1114.4666666666667
153 1112.2333333333333
154 1108.9333333333334
155 1110.0666666666666
156 1106.0333333333333
157 1105.0
158 1105.0666666666666
159 1102.1666666666667
160 1104.3
161 1101.7333333333333
162 1099.6333333333334
163 1097.3333333333333
164 1096.4333333333334
165 1095.5666666666666
166 1093.8333333333333
167 1091.6666666666667
168 1091.7
169 1089.7666666666667
170 1089.4666666666667
171 1088.5
172 1089.7333333333333
173 1090.9666666666667
174 1088.0
175 1086.3333333333333
176 1087.1666666666667
177 1084.5333333333333
178 1086.1
179 1081.7666666666667
180 1082.3
181 1077.4333333333334
182 1075.2333333333333
183 1072.4333333333334
184 1071.3333333333333
185 1066.4
186 1065.2
187 1064.1666666666667
188 1062.1666666666667
189 1061.1
190 1060.5
191 1057.6333333333334
192 1058.0
193 1057.3
194 1054.5666666666666
195 1053.6
196 1052.8333333333333
197 1049.9
198 1050.9333333333334
199 1049.5
200 1048.3666666666666
201 1047.0333333333333
202 1046.9
203 1044.5333333333333
204 1042.0666666666666
205 1038.6
206 1039.1
207 1037.2333333333333
208 1036.7
209 1036.2333333333333
210 1036.1
211 1033.2
212 1032.4666666666667
213 1029.4
214 1029.3333333333333
215 1028.4333333333334
216 1027.7666666666667
217 1027.7333333333333
218 1027.7333333333333
219 1026.3333333333333
220 1027.8666666666666
221 1025.4666666666667
222 1023.7
223 1022.0666666666667
224 1020.9333333333333
225 1021.0666666666667
226 1020.5333333333333
227 1020.3
228 1021.3666666666667
229 1022.6666666666666
230 1020.7333333333333
231 1019.8666666666667
232 1017.2333333333333
233 1016.7
234 1016.0666666666667
235 1015.9333333333333
236 1015.0333333333333
237 1013.7666666666667
238 1013.1333333333333
239 1013.1333333333333
240 1010.4
241 1009.1666666666666
242 1008.9333333333333
243 1007.5333333333333
244 1007.2333333333333
245 1007.6666666666666
246 1005.7333333333333
247 1005.3666666666667
248 1005.1666666666666
249 1004.6666666666666
250 1002.4333333333333
251 1000.4
252 1002.0333333333333
253 998.9333333333333
254 999.6
255 999.9
256 999.6
257 998.6666666666666
258 996.1
259 996.2
260 992.2333333333333
261 992.2333333333333
262 992.4666666666667
263 989.4333333333333
264 989.6
265 988.8
266 988.2333333333333
267 989.4666666666667
268 987.7333333333333
269 986.6333333333333
270 987.0666666666667
271 986.3
272 986.0333333333333
273 987.4666666666667
274 985.8666666666667
275 984.7
276 985.5
277 985.8666666666667
278 985.9
279 983.6
280 982.5333333333333
281 983.1333333333333
282 982.8333333333334
283 983.9
284 981.4
285 981.6333333333333
286 982.4333333333333
287 982.8666666666667
288 982.6666666666666
289 981.8333333333334
290 982.4
291 979.9333333333333
292 979.1333333333333
293 977.5
294 977.2666666666667
295 977.0
296 976.3333333333334
297 974.1333333333333
298 973.4666666666667
299 973.4666666666667
300 973.0
301 972.2666666666667
302 970.0333333333333
303 969.4666666666667
304 968.1666666666666
305 967.9
306 966.4333333333333
307 962.7666666666667
308 961.1333333333333
309 960.6
310 959.2
311 958.9
312 958.7666666666667
313 956.7
314 955.2666666666667
315 956.6666666666666
316 955.7333333333333
317 955.0333333333333
318 952.6
319 951.2666666666667
320 949.8
321 947.9
322 946.8333333333334
323 946.6
324 946.4333333333333
325 945.9666666666667
326 945.9
327 945.1
328 944.3
329 943.4333333333333
330 942.9
331 941.0666666666667
332 940.5666666666667
333 939.5666666666667
334 937.1
335 937.9
336 936.9333333333333
337 937.0
338 934.9666666666667
339 934.5666666666667
340 934.2666666666667
341 933.6333333333333
342 933.6333333333333
343 932.7333333333333
344 932.0666666666667
345 931.5
346 932.4
347 933.0666666666667
348 931.0666666666667
349 931.1333333333333
350 933.1333333333333
351 931.8333333333334
352 930.1666666666666
353 929.9
354 929.6
355 926.3
356 926.7666666666667
357 926.4
358 926.7333333333333
359 926.7
360 927.2
361 926.4666666666667
362 925.1666666666666
363 923.2
364 923.2
365 922.3
366 921.7666666666667
367 921.6333333333333
368 921.5666666666667
369 922.4666666666667
370 921.8666666666667
371 921.2666666666667
372 920.8
373 918.5666666666667
374 917.7
375 917.0333333333333
376 916.8
377 915.4666666666667
378 915.6
379 915.4
380 915.8
381 915.7
382 914.3333333333334
383 914.5333333333333
384 914.6666666666666
385 913.6666666666666
386 913.3
387 911.6333333333333
388 910.9666666666667
389 910.5
390 910.7
391 912.0333333333333
392 912.6666666666666
393 911.1333333333333
394 911.5333333333333
395 911.7333333333333
396 910.7666666666667
397 910.8
398 908.6
399 908.5666666666667
400 907.7
401 907.0333333333333
402 907.6
403 906.7333333333333
404 905.6333333333333
405 906.2666666666667
406 906.0
407 906.7
408 905.5333333333333
409 904.7
410 904.8
411 903.8666666666667
412 904.3
413 904.1333333333333
414 900.5333333333333
415 898.8
416 898.7666666666667
417 896.6666666666666
418 896.9
419 897.6666666666666
420 896.5
421 896.5333333333333
422 896.9666666666667
423 898.4
424 897.7333333333333
425 896.6333333333333
426 895.2333333333333
427 893.0
428 893.7666666666667
429 894.7333333333333
430 893.1
431 892.1666666666666
432 890.0666666666667
433 889.7
434 888.4
435 887.8
436 886.8333333333334
437 886.9666666666667
438 887.9
439 886.4666666666667
440 887.0666666666667
441 885.6666666666666
442 886.3
443 888.1
444 886.1666666666666
445 886.5333333333333
446 887.4666666666667
447 886.0
448 884.6333333333333
449 883.9333333333333
450 882.4666666666667
451 881.9333333333333
452 880.7
453 880.4666666666667
454 879.8666666666667
455 879.7
456 878.8666666666667
457 879.4666666666667
458 877.6333333333333
459 877.6333333333333
460 877.2
461 877.2333333333333
462 876.8
463 876.8333333333334
464 876.9333333333333
465 877.4666666666667
466 877.0666666666667
467 876.8666666666667
468 873.8
469 874.2666666666667
470 873.5
471 872.8333333333334
472 873.3
473 873.2
474 872.0666666666667
475 871.5333333333333
476 871.6333333333333
477 870.7
478 869.9666666666667
479 870.0666666666667
480 868.8
481 868.6666666666666
482 868.4333333333333
483 868.6333333333333
484 868.3666666666667
485 868.6333333333333
486 867.8
487 867.8333333333334
488 867.4333333333333
489 867.0333333333333
490 866.9333333333333
491 866.2
492 865.0333333333333
493 863.4
494 861.6333333333333
495 861.4666666666667
496 861.5
497 860.0
498 860.3333333333334
499 860.5666666666667
500 859.7333333333333
501 860.7333333333333
502 860.1
503 859.3
504 859.2333333333333
505 859.8333333333334
506 859.8333333333334
507 859.8333333333334
508 860.2
509 858.3333333333334
510 859.4333333333333
511 859.3666666666667
512 857.1333333333333
513 857.1333333333333
514 857.6666666666666
515 855.8333333333334
516 854.9333333333333
517 854.5666666666667
518 855.2333333333333
519 854.9
520 854.9333333333333
521 854.9666666666667
522 854.6666666666666
523 853.7666666666667
524 854.0333333333333
525 851.2
526 850.9
527 850.5666666666667
528 849.7
529 849.7333333333333
530 848.7
531 850.2333333333333
532 849.7666666666667
533 849.1
534 848.4333333333333
535 848.8
536 849.4666666666667
537 848.8666666666667
538 848.5333333333333
539 849.0
540 847.0333333333333
541 846.1333333333333
542 844.2666666666667
543 841.8333333333334
544 841.8333333333334
545 841.8
546 841.7
547 841.6
548 840.6333333333333
549 840.7666666666667
550 841.0666666666667
551 840.7666666666667
552 840.1333333333333
553 839.9
554 840.3333333333334
555 841.4333333333333
556 841.0
557 840.6666666666666
558 840.2
559 840.0
560 839.4
561 839.0666666666667
562 839.7
563 839.5666666666667
564 839.5666666666667
565 838.6666666666666
566 838.3333333333334
567 839.2
568 839.9666666666667
569 839.2
570 840.0
571 839.8
572 838.8333333333334
573 838.0333333333333
574 837.6333333333333
575 836.6333333333333
576 836.4666666666667
577 836.3666666666667
578 836.3666666666667
579 835.8666666666667
580 836.5666666666667
581 836.6
582 836.3
583 835.7666666666667
584 835.2333333333333
585 836.9
586 838.5333333333333
587 839.1
588 838.3
589 838.2
590 836.5333333333333
591 837.1
592 837.5
593 836.7666666666667
594 836.7
595 835.1666666666666
596 833.6333333333333
597 833.0
598 832.0
599 831.0666666666667
600 830.9666666666667
601 831.2333333333333
602 831.2
603 830.8333333333334
604 830.8333333333334
605 830.3666666666667
606 830.6333333333333
607 830.8333333333334
608 831.8
609 832.0333333333333
610 830.8666666666667
611 830.5333333333333
612 831.7
613 830.2666666666667
614 830.9333333333333
615 830.5666666666667
616 830.8666666666667
617 829.0333333333333
618 828.9666666666667
619 830.1333333333333
620 830.8
621 829.6666666666666
622 830.1333333333333
623 829.5666666666667
624 828.8
625 827.9
626 825.6333333333333
627 825.5666666666667
628 824.7666666666667
629 823.6333333333333
630 823.0333333333333
631 821.9666666666667
632 821.8333333333334
633 822.1333333333333
634 821.6
635 822.1333333333333
636 821.0666666666667
637 820.0666666666667
638 820.0
639 819.3
640 818.9333333333333
641 819.2666666666667
642 819.8333333333334
643 819.1333333333333
644 818.6666666666666
645 817.4333333333333
646 817.7
647 817.1666666666666
648 817.7666666666667
649 818.4666666666667
650 819.7
651 818.5
652 817.2
653 817.5
654 817.9
655 817.6333333333333
656 817.7666666666667
657 817.6666666666666
658 817.7333333333333
659 818.1666666666666
660 817.4333333333333
661 817.2333333333333
662 818.1666666666666
663 818.8
664 819.0333333333333
665 816.7333333333333
666 814.6333333333333
667 813.9666666666667
668 814.1333333333333
669 813.8666666666667
670 814.0333333333333
671 813.3666666666667
672 812.8666666666667
673 811.7333333333333
674 811.6666666666666
675 811.6
676 811.2666666666667
677 810.9666666666667
678 808.7666666666667
679 808.8666666666667
680 808.5
681 809.9333333333333
682 809.5333333333333
683 808.6666666666666
684 809.1666666666666
685 809.0333333333333
686 809.4666666666667
687 809.3333333333334
688 808.8333333333334
689 807.8
690 808.3333333333334
691 807.4666666666667
692 807.2333333333333
693 808.3
694 808.6333333333333
695 807.2333333333333
696 807.9333333333333
697 808.5666666666667
698 807.1
699 806.7666666666667
700 806.9666666666667
701 807.4333333333333
702 806.2666666666667
703 805.5
704 804.7666666666667
705 803.4333333333333
706 803.4333333333333
707 803.4333333333333
708 802.3333333333334
709 802.0
710 801.8333333333334
711 801.0666666666667
712 800.5
713 800.9333333333333
714 801.3
715 800.1666666666666
716 800.1666666666666
717 800.0
718 800.2333333333333
719 799.8666666666667
720 799.3666666666667
721 799.8
722 799.6
723 799.1666666666666
724 799.2
725 798.5333333333333
726 797.8333333333334
727 797.8333333333334
728 797.7
729 798.4666666666667
730 797.9
731 798.0333333333333
732 798.8
733 798.0333333333333
734 798.4
735 797.9
736 797.5
737 797.3333333333334
738 796.9333333333333
739 798.0333333333333
740 797.7
741 797.6333333333333
742 796.9
743 796.1666666666666
744 795.8666666666667
745 794.9
746 794.5666666666667
747 793.9666666666667
748 793.8333333333334
749 793.3666666666667
750 792.3666666666667
751 791.9666666666667
752 791.9
753 791.8
754 791.7
755 793.7333333333333
756 793.7333333333333
757 793.7333333333333
758 793.0666666666667
759 793.3666666666667
760 794.2
761 794.0666666666667
762 792.9333333333333
763 792.5666666666667
764 792.8
765 791.9333333333333
766 792.7
767 792.8333333333334
768 791.4
769 791.3
770 791.1333333333333
771 791.2
772 791.2666666666667
773 790.9333333333333
774 791.0333333333333
775 791.3666666666667
776 791.2666666666667
777 791.7
778 791.0666666666667
779 791.0
780 790.6666666666666
781 790.6666666666666
782 790.3333333333334
783 789.7333333333333
784 788.3333333333334
785 790.1
786 790.7
787 790.9333333333333
788 790.2333333333333
789 789.8333333333334
790 789.7333333333333
791 789.5333333333333
792 788.1
793 787.7
794 786.3666666666667
795 786.3666666666667
796 786.3666666666667
797 787.3
798 788.5666666666667
799 788.5333333333333
800 786.3666666666667
801 785.9
802 785.4666666666667
803 784.8
804 783.9
805 783.7
806 784.2666666666667
807 782.0333333333333
808 781.1333333333333
809 780.8
810 780.8666666666667
811 780.6333333333333
812 780.5666666666667
813 779.8666666666667
814 780.2666666666667
815 780.2333333333333
816 780.1666666666666
817 779.9333333333333
818 779.4666666666667
819 779.4666666666667
820 778.9
821 778.9
822 778.2
823 777.9
824 777.4333333333333
825 777.8
826 777.9
827 778.0333333333333
828 777.9
829 777.2
830 777.2
831 777.3333333333334
832 776.6666666666666
833 776.1333333333333
834 775.1666666666666
835 773.7333333333333
836 773.7333333333333
837 773.4666666666667
838 773.2
839 772.5
840 771.3666666666667
841 771.5
842 771.1666666666666
843 771.5333333333333
844 771.6
845 771.9666666666667
846 771.2
847 770.9
848 770.8666666666667
849 770.4666666666667
850 770.7666666666667
851 769.5666666666667
852 770.1333333333333
853 769.7
854 769.7666666666667
855 770.0
856 769.2666666666667
857 769.4333333333333
858 769.0666666666667
859 768.9333333333333
860 767.7666666666667
861 767.5333333333333
862 767.6
863 767.6
864 767.5666666666667
865 767.8666666666667
866 767.6
867 767.5
868 767.9666666666667
869 768.1666666666666
870 767.8
871 767.7666666666667
872 767.7333333333333
873 767.2333333333333
874 765.7333333333333
875 766.4
876 765.7333333333333
877 764.6333333333333
878 764.7333333333333
879 764.9
880 764.0
881 763.9
882 763.8333333333334
883 764.0
884 763.7333333333333
885 762.3666666666667
886 762.9
887 762.4333333333333
888 762.3333333333334
889 762.3333333333334
890 763.1333333333333
891 763.0
892 763.4333333333333
893 763.9333333333333
894 763.7666666666667
895 762.8333333333334
896 761.1666666666666
897 760.9333333333333
898 760.6666666666666
899 760.6666666666666
900 760.5
901 760.5666666666667
902 760.4666666666667
903 760.4666666666667
904 760.4
905 760.0333333333333
906 760.2
907 760.3666666666667
908 760.3333333333334
909 760.3333333333334
910 761.2333333333333
911 761.2666666666667
912 760.7333333333333
913 760.2666666666667
914 758.5
915 758.0
916 758.0
917 757.8
918 758.6666666666666
919 758.5
920 758.7333333333333
921 758.5
922 758.6666666666666
923 758.0
924 757.6
925 757.6
926 757.7
927 756.1333333333333
928 755.9666666666667
929 755.8
930 755.9
931 755.6333333333333
932 755.6333333333333
933 755.2
934 754.6333333333333
935 754.8333333333334
936 755.0666666666667
937 754.5666666666667
938 754.1666666666666
939 754.2333333333333
940 754.2666666666667
941 753.8666666666667
942 753.8666666666667
943 753.3333333333334
944 753.2666666666667
945 753.0
946 752.9333333333333
947 752.2333333333333
948 752.5333333333333
949 752.4666666666667
950 752.1333333333333
951 752.4666666666667
952 752.0
953 751.7333333333333
954 751.6666666666666
955 751.0666666666667
956 751.2333333333333
957 750.6333333333333
958 750.4666666666667
959 749.7333333333333
960 749.9666666666667
961 750.2333333333333
962 749.1
963 749.6
964 748.9
965 748.4666666666667
966 748.1333333333333
967 747.1666666666666
968 747.0666666666667
969 746.5666666666667
970 746.0666666666667
971 746.0666666666667
972 745.5
973 745.2
974 745.7333333333333
975 745.3666666666667
976 745.4333333333333
977 745.2
978 745.1333333333333
979 745.1333333333333
980 744.7666666666667
981 745.0666666666667
982 744.9666666666667
983 744.6333333333333
984 744.2
985 744.2333333333333
986 744.1333333333333
987 742.5666666666667
988 742.0666666666667
989 742.1
990 741.6666666666666
991 741.5
992 741.3333333333334
993 741.5
994 741.9333333333333
995 741.2666666666667
996 741.0333333333333
997 741.0
998 741.0
999 740.9333333333333
1000 740.1333333333333
